name: GoAT
channels:
  - conda-forge
  - bioconda
  - defaults
dependencies:
  - bzip2=1.0.8=h8ffe710_4
  - ca-certificates=2022.5.18.1=h5b45459_0
  - libffi=3.4.2=h8ffe710_5
  - libzlib=1.2.12=h8ffe710_0
  - openssl=3.0.3=h8ffe710_0
  - pip=22.1.2=pyhd8ed1ab_0
  - python=3.10.4=hcf16a7b_0_cpython
  - python_abi=3.10=2_cp310
  - setuptools=62.3.2=py310h5588dad_0
  - sqlite=3.38.5=h8ffe710_0
  - tk=8.6.12=h8ffe710_0
  - tzdata=2022a=h191b570_0
  - ucrt=10.0.20348.0=h57928b3_0
  - vc=14.2=hb210afc_6
  - vs2015_runtime=14.29.30037=h902a5da_6
  - wheel=0.37.1=pyhd8ed1ab_0
  - xz=5.2.5=h62dcd97_1
  - pip:
    - imutils==0.5.4
    - numpy==1.23.0
    - opencv-python==4.6.0.66
